#Insight Transform File V1.0
#Transform 0
Transform: MatrixOffsetTransformBase_double_3_3
Parameters: 0.9999999961175612 0.000036376096144229804 0.00005483592507421063 -0.000036543315038306415 0.9999980013870589 0.0019992394906740985 -0.000054720062213183896 -0.00199924324441092 0.9999979998953932 0.012989842735677826 -0.15956018657702487 -0.1941550380891499
FixedParameters: 0 0 0
#Transform 1
Transform: MatrixOffsetTransformBase_double_3_3
Parameters: 1.000000080683108 -0.00040454326359202846 0.0008800225613538194 0.00040253344515644844 0.9999970495197432 0.0022985847283372163 -0.0008809113128622576 -0.0022981586579964852 0.9999974286271976 -0.009262245122044988 -0.21448588843261263 -0.15250334148929312
FixedParameters: 0 0 0
#Transform 2
Transform: MatrixOffsetTransformBase_double_3_3
Parameters: 0.999999127093837 -0.0006721812394515705 0.0012008764020649684 0.0006692398267785209 0.9999972505669483 0.0023303973328802075 -0.001202251737781837 -0.002330033809725962 0.9999969752945423 0.007720660452349648 -0.20729722615935486 -0.19635865175530398
FixedParameters: 0 0 0
#Transform 3
Transform: MatrixOffsetTransformBase_double_3_3
Parameters: 0.9999997216836581 -0.00041118749954029924 0.001060960188885838 0.00040949191950791783 0.999998834498923 0.001463801365517936 -0.001061985282770262 -0.0014641669985535066 0.9999985671086251 0.008947972547318273 -0.17620592474071373 -0.20225277069638992
FixedParameters: 0 0 0
#Transform 4
Transform: MatrixOffsetTransformBase_double_3_3
Parameters: 0.9999993912217356 -0.00029790552827158034 0.000732503170767953 0.0002969983477748915 0.9999983622529623 0.0015911306847781748 -0.0007332595636798799 -0.0015906867997282914 0.999997933349019 0.013333911034294488 -0.14652042192359716 -0.16393652127035807
FixedParameters: 0 0 0
#Transform 5
Transform: MatrixOffsetTransformBase_double_3_3
Parameters: 0.9999993356715561 -0.00028841641679884294 0.0007731080017980877 0.000287679757712896 0.9999989463229398 0.0013975194013908787 -0.0007737229327154612 -0.0013970659344328396 0.9999984508608413 0.010636094041231559 -0.058691695926640364 -0.007317269844136831
FixedParameters: 0 0 0
#Transform 6
Transform: MatrixOffsetTransformBase_double_3_3
Parameters: 0.9999996725150374 -0.00027363546664822434 0.0005189779095608616 0.0002732854390069669 0.9999985519946981 0.0017311788731400601 -0.0005197526002225692 -0.0017318447643780988 0.9999980901767435 0.0004058877691335283 -0.14205223865343442 0.02630202102947976
FixedParameters: 0 0 0
#Transform 7
Transform: MatrixOffsetTransformBase_double_3_3
Parameters: 0.9999996849811656 -0.00004684304551573525 0.0005592795242093591 0.000046016534188417094 0.99999898646736 0.000729565983897118 -0.0005593581833708333 -0.0007298007438691911 0.9999996336884563 -0.0030722534260974044 0.019485492913347002 -0.20242395181637107
FixedParameters: 0 0 0
#Transform 8
Transform: MatrixOffsetTransformBase_double_3_3
Parameters: 0.9999994930041686 0.00002487583419455235 0.0007216837119385405 -0.000025334837694624725 0.9999995807866873 0.0008750260776135277 -0.0007222340194970481 -0.0008740906392545322 0.9999993527945579 -0.005427861799347511 0.021793398761928984 -0.26140023307405613
FixedParameters: 0 0 0
#Transform 9
Transform: MatrixOffsetTransformBase_double_3_3
Parameters: 0.9999995090292042 0.000037885889591830844 0.0006996442057583278 -0.000038160853258079616 0.9999994838226605 0.0001890040312444996 -0.0006996407254133215 -0.00018934389527114348 0.9999999536840155 -0.013890820944638449 -0.07578290332243398 -0.13851356597936615
FixedParameters: 0 0 0
#Transform 10
Transform: MatrixOffsetTransformBase_double_3_3
Parameters: 0.9999996269111171 -0.00011939622759362658 0.0005990273112261475 0.00011855482908553275 0.9999994927565081 0.0007022788378581724 -0.0005991944251227458 -0.0007021363297288197 0.9999991479618764 -0.027857694212585216 0.008386871152964659 -0.06943801890054146
FixedParameters: 0 0 0
#Transform 11
Transform: MatrixOffsetTransformBase_double_3_3
Parameters: 0.9999996883074304 -0.0003434570538298938 0.00045864082355501906 0.00034325665595365674 0.9999986314967602 0.0017979848984565616 -0.00045970031902714363 -0.0017976615106463645 0.999998558394652 -0.00032681341200202496 0.0012533604367490625 0.16127361227373171
FixedParameters: 0 0 0
#Transform 12
Transform: MatrixOffsetTransformBase_double_3_3
Parameters: 0.9999999751351117 0.0001296762230194276 0.00008971571510463044 -0.00012982513821546866 0.9999992926773291 0.0008309493298306325 -0.00008950008061345185 -0.0008309726443139209 0.9999993014645832 -0.031182334526391742 -0.06912932525234794 0.183897404470045
FixedParameters: 0 0 0
#Transform 13
Transform: MatrixOffsetTransformBase_double_3_3
Parameters: 0.9999999677285515 0.0001627180945868228 0.00007759522829741219 -0.0001629240965963462 0.9999987264935699 0.0014989346114304691 -0.00007712206751495196 -0.0014989597191478743 0.9999987470986731 -0.028355387524641174 0.03230384505860684 0.004155999776656927
FixedParameters: 0 0 0
#Transform 14
Transform: MatrixOffsetTransformBase_double_3_3
Parameters: 0.9999999722851166 0.00014045478704016192 0.0000906274527811661 -0.00014066602453869574 0.9999992615678992 0.0013109111654082128 -0.0000902738856985363 -0.0013109364955921632 0.9999992732266738 0.04049798039478958 0.11874688708282122 -0.07865293864182377
FixedParameters: 0 0 0
#Transform 15
Transform: MatrixOffsetTransformBase_double_3_3
Parameters: 0.9999993339338156 -0.0005530683444696849 0.0006018892807764646 0.0005523685744077116 0.9999994799978216 0.001098789064717387 -0.0006023165325347267 -0.0010981292854546076 0.9999994367914771 0.04845148562048962 0.06179058704617546 -0.16249736901266942
FixedParameters: 0 0 0
#Transform 16
Transform: MatrixOffsetTransformBase_double_3_3
Parameters: 0.999999974808436 0.00004036011551110342 0.0001535013997623338 -0.00004057183980464931 0.9999995225649858 0.0006897798838231828 -0.0001534455786086756 -0.0006897923553490504 0.9999995006330809 0.07179745181150565 0.12496611952990122 0.04152352615852806
FixedParameters: 0 0 0
#Transform 17
Transform: MatrixOffsetTransformBase_double_3_3
Parameters: 0.9999990865727418 -0.0006562065144708864 0.0006980103207241293 0.0006543719195736583 0.9999976124578136 0.0022235541012586846 -0.0006993647591648365 -0.0022226498393860816 0.9999975814561979 0.0014877095290160014 -0.1075539948833466 0.1430273637104733
FixedParameters: 0 0 0
#Transform 18
Transform: MatrixOffsetTransformBase_double_3_3
Parameters: 0.9999999815047587 0.000044378922106093604 0.00017882152575836763 -0.000044296459694356024 0.9999980338689483 0.002225599577320936 -0.00017926603475231818 -0.002225601301350688 0.9999980099855628 0.005916923891831516 -0.1051060496862064 0.17754691901612318
FixedParameters: 0 0 0
#Transform 19
Transform: MatrixOffsetTransformBase_double_3_3
Parameters: 0.9999997467508597 -0.0010386008798224744 0.00041606292809262036 0.0010382751876660025 0.9999994647136434 -0.0003287026391484704 -0.000416185169692637 0.0003286148067559447 1.000000069478529 0.0025113525024806904 0.07305145119910605 -0.1902559447239156
FixedParameters: 0 0 0
#Transform 20
Transform: MatrixOffsetTransformBase_double_3_3
Parameters: 0.9999999665932062 0.0001788633459084818 0.00003761077183848157 -0.00017886320159595306 0.9999999680047256 -0.0000018322060612585567 -0.000037611424278341304 0.0000018187516339640553 0.9999999985820713 -0.020836822792290377 0.02071057001285226 0.0055002297910107245
FixedParameters: 0 0 0
#Transform 21
Transform: MatrixOffsetTransformBase_double_3_3
Parameters: 0.9999998388692618 -0.0008520745280757413 0.000662281490621437 0.0008517955983356803 0.999999022385613 0.001112476225415937 -0.0006625720591497488 -0.001111359460669592 0.9999993368180502 0.008027123298887773 0.10775561680662804 0.09731562910737068
FixedParameters: 0 0 0
#Transform 22
Transform: MatrixOffsetTransformBase_double_3_3
Parameters: 0.999999609904735 0.00027244916317801723 -0.0005470334087523954 -0.0002724734179780314 0.9999994254454564 0.0012323341471012772 0.0005474848843478645 -0.0012320436433822524 0.9999991806156765 0.004157956395502538 0.10096365560241338 0.10761418554118052
FixedParameters: 0 0 0
#Transform 23
Transform: MatrixOffsetTransformBase_double_3_3
Parameters: 0.999999625620679 -0.00039126202578095644 0.00047284764578602295 0.0003902784454571028 0.999998513910235 0.0017226902504625663 -0.0004734249422196563 -0.0017232841522790698 0.9999981699744327 -0.017591908327005967 0.009362106063576903 0.1809198910932821
FixedParameters: 0 0 0
#Transform 24
Transform: MatrixOffsetTransformBase_double_3_3
Parameters: 0.9999998749509622 -0.000003724171161849214 -0.00035154505745699205 0.000003632459214429227 0.9999994898248996 0.0007196577447578512 0.0003507377631197864 -0.0007196544591646648 0.9999993527865141 0.0010976033314591405 0.0922094824626356 0.12457258276408822
FixedParameters: 0 0 0
#Transform 25
Transform: MatrixOffsetTransformBase_double_3_3
Parameters: 0.9999994103924194 -0.0007012628387659044 -0.00028877171083164816 0.0007010171563977471 0.9999994659262692 0.0009429997711478677 0.00028806058579921635 -0.0009421733532162246 0.9999991971800244 0.002600465206043623 0.015194898388458 -0.14604434970434
FixedParameters: 0 0 0
#Transform 26
Transform: MatrixOffsetTransformBase_double_3_3
Parameters: 1.0000000150020731 0.000590410343691238 -0.0007868660313849318 -0.000590163678612764 0.9999995778800592 0.001045361452336857 0.0007878946146919067 -0.0010444397821551266 0.9999992866711312 -0.016506053901707674 -0.04531132495904444 -0.0984476405544541
FixedParameters: 0 0 0
#Transform 27
Transform: MatrixOffsetTransformBase_double_3_3
Parameters: 0.9999997800977308 -0.00025602958025831065 0.0003931449758996545 0.00025516004636554394 0.9999996396003299 0.001138044241320857 -0.0003937416579538882 -0.0011378430062530809 0.9999995502180801 0.03870039886987797 0.01715999588543582 -0.2028223721076614
FixedParameters: 0 0 0
#Transform 28
Transform: MatrixOffsetTransformBase_double_3_3
Parameters: 0.9999999764592894 -0.0009483361042461587 0.00035450337944574624 0.0009482767712005401 0.9999993390033108 0.000936098457200385 -0.0003554687124900917 -0.0009361025479092122 0.9999988813685191 0.06542231328774051 0.03215915753044385 -0.11485384122286746
FixedParameters: 0 0 0
#Transform 29
Transform: MatrixOffsetTransformBase_double_3_3
Parameters: 0.9999997758776127 -0.00047351096638399226 0.000018248118582200054 0.0004734916425011811 0.9999983251618056 0.0018575119526621497 -0.000020037106836946067 -0.001857493573195812 0.9999985491829186 -0.024652772150247415 0.002200680306188474 0.1875633304318285
FixedParameters: 0 0 0
#Transform 30
Transform: MatrixOffsetTransformBase_double_3_3
Parameters: 0.9999999058255898 -0.0003072592899414293 0.000020326235266406815 0.0003072394273645207 0.9999975399333536 0.0023162928325492493 -0.000021794477388467626 -0.0023162794796485753 0.9999976341773493 -0.02904182968495661 -0.06968073279352893 0.17606660664206686
FixedParameters: 0 0 0
#Transform 31
Transform: MatrixOffsetTransformBase_double_3_3
Parameters: 0.9999999794343996 -0.00012193653765242888 0.00008870928237732483 0.00012219600346454243 0.9999971457961827 0.0021980177201976203 -0.0000884737981124387 -0.0021980017879048575 0.9999971667594596 -0.06637440785395654 0.025837686613897404 0.16224554672939462
FixedParameters: 0 0 0
#Transform 32
Transform: MatrixOffsetTransformBase_double_3_3
Parameters: 0.9999995234708374 0.000055115657744994216 -0.0006764983348391794 -0.000053320118314292104 0.9999971944934716 0.002311006359473844 0.0006764881717562937 -0.0023112270506533417 0.9999976783374663 0.020912058816492163 -0.04391965438013301 0.0065529557943193595
FixedParameters: 0 0 0
#Transform 33
Transform: MatrixOffsetTransformBase_double_3_3
Parameters: 0.9999995114313197 -0.0005762253151823257 -0.000395662485331074 0.0005761587248022926 1.0000001375249825 -0.00009715905261004076 0.00039578524104483823 0.00009698967879240294 0.9999993550077464 0.0864410072680073 0.0017797243478980818 -0.17988073700155383
FixedParameters: 0 0 0
#Transform 34
Transform: MatrixOffsetTransformBase_double_3_3
Parameters: 0.9999992772131483 -0.0006013778520053718 0.0006009424710164556 0.0006012206962064121 0.9999996213501015 0.0001310891037558659 -0.0006010997126531799 -0.00013036632488711009 0.9999996216818459 0.014281142841937822 0.09561830040809127 -0.14692455362481383
FixedParameters: 0 0 0
#Transform 35
Transform: MatrixOffsetTransformBase_double_3_3
Parameters: 0.999999946107975 -0.00007354456347267503 0.00022018948003442993 0.00007319402375737145 0.9999993613523103 0.0007958005722050188 -0.00022030626062649107 -0.0007957683116027181 0.9999993182086595 0.00003583587573530167 -0.024587858324650824 -0.1111186998634679
FixedParameters: 0 0 0
#Transform 36
Transform: MatrixOffsetTransformBase_double_3_3
Parameters: 0.9999997401902108 -0.00040655980486792613 0.0003074400197675246 0.0004063118025456596 0.9999996723234429 0.0004032260420838152 -0.00030776770471325566 -0.0004029760286752282 0.9999997428847036 -0.009037992872393374 -0.09047629908609167 0.09359768464987894
FixedParameters: 0 0 0
#Transform 37
Transform: MatrixOffsetTransformBase_double_3_3
Parameters: 0.9999993879504675 -0.000009010788100509383 0.0007914192407885707 0.000008564904617341072 0.9999993687595086 0.0007879115989186114 -0.0007920300946008957 -0.0007878840061021908 0.9999987479116581 -0.02870682284182635 0.03927508867369056 0.11476331892124847
FixedParameters: 0 0 0
#Transform 38
Transform: MatrixOffsetTransformBase_double_3_3
Parameters: 0.9999993272071852 -0.00021260575937500107 0.0007937528918556356 0.00021070246921029855 0.9999984145069005 0.001591643970161205 -0.0007936395560093879 -0.001591313836291408 0.9999978431621117 -0.027657444384288965 0.05137643561907623 0.3047104379284207
FixedParameters: 0 0 0
#Transform 39
Transform: MatrixOffsetTransformBase_double_3_3
Parameters: 0.9999996073594699 0.0003352024642006273 0.0005434192254155864 -0.00033606162324651225 0.999998466162852 0.001552450186828258 -0.0005429889555366924 -0.001552801005814175 0.9999982897389181 -0.03771631794937491 -0.07459181084587385 0.2694994123851302
FixedParameters: 0 0 0
#Transform 40
Transform: MatrixOffsetTransformBase_double_3_3
Parameters: 0.9999999737936297 -0.000002791546748675232 0.00016186004047250794 0.000002634874097590806 0.9999997657634876 0.00048397811115163947 -0.00016186267230770563 -0.0004839772682699861 0.9999997395610187 -0.02052814484822818 0.029460824959656406 -0.15970302303234973
FixedParameters: 0 0 0
#Transform 41
Transform: MatrixOffsetTransformBase_double_3_3
Parameters: 0.9999998293830583 -0.00024872290124911835 -0.00032977848123082296 0.00024850062378403595 0.9999998246833036 -0.00033698692236083794 0.0003299460074316443 0.0003368229316859095 0.9999997776898002 0.06999167792614003 0.1507813676646066 -0.35116737105883544
FixedParameters: 0 0 0
#Transform 42
Transform: MatrixOffsetTransformBase_double_3_3
Parameters: 0.9999991985191827 0.0005661160846688195 0.0006935413494540054 -0.0005666975063860339 0.9999998587391279 0.00042091555884776755 -0.0006930618633513746 -0.0004207429540472596 0.9999999855796743 -0.019789012949075868 0.07604576563423393 -0.20607455142986453
FixedParameters: 0 0 0
#Transform 43
Transform: MatrixOffsetTransformBase_double_3_3
Parameters: 0.9999997795604523 0.00014027271738008946 0.0004648826197570517 -0.00014158208423173586 0.9999974270652714 0.002354129799305993 -0.0004648609532713541 -0.002354246682210015 0.9999972370238897 0.02480371781825852 -0.10444623550719712 0.20238681178348372
FixedParameters: 0 0 0
#Transform 44
Transform: MatrixOffsetTransformBase_double_3_3
Parameters: 0.999999779634554 -0.0002269504107420251 0.0004308647591899711 0.00022690460333515223 0.9999989187686604 0.0017354102454258946 -0.00043147724009705377 -0.0017352064828624059 0.9999988041990172 0.03676362443168557 -0.06116659324720786 0.2747816659573914
FixedParameters: 0 0 0
#Transform 45
Transform: MatrixOffsetTransformBase_double_3_3
Parameters: 0.9999992593411353 0.00011573922755017912 0.0008613431490254449 -0.00011668995088749993 0.9999999107461712 0.0010319938263745332 -0.0008617152297093113 -0.0010321802174433348 0.9999991880282595 -0.020810611945137225 0.1455323426287407 0.1330108465480322
FixedParameters: 0 0 0
#Transform 46
Transform: MatrixOffsetTransformBase_double_3_3
Parameters: 0.9999992183935785 0.00008556417034679613 0.0013436373929308046 -0.00008692623413161685 0.9999990924991491 0.0013228284318094752 -0.0013438093441809674 -0.0013223673870767505 0.9999985645138983 0.008381557310485732 0.2530462897124863 0.27834909708006705
FixedParameters: 0 0 0
#Transform 47
Transform: MatrixOffsetTransformBase_double_3_3
Parameters: 0.9999996265086148 -0.0002727159293353879 0.000548943768568088 0.00027192818801870895 0.9999992665425592 0.001285217801645644 -0.0005488566440180452 -0.0012849246683373505 0.9999990532298644 0.019359014677149844 -0.0007073516337925412 -0.06668094322031948
FixedParameters: 0 0 0
#Transform 48
Transform: MatrixOffsetTransformBase_double_3_3
Parameters: 0.9999998783479584 -0.00032429800037713907 0.00012838684451497843 0.00032448670412575415 0.9999993526010009 -0.000736273424907008 -0.00012790914315670117 0.0007363566198524407 0.9999994414259221 0.06344222393350663 0.03841216909772527 -0.3591276151785934
FixedParameters: 0 0 0
#Transform 49
Transform: MatrixOffsetTransformBase_double_3_3
Parameters: 0.9999992210433893 0.0002923390112643733 0.0008520024836790869 -0.0002942485272724193 0.9999968380492887 0.0024588113571220593 -0.0008509968808699531 -0.0024592888887197684 0.9999962248764885 -0.03414682360705967 -0.01568409020885042 0.0676532574494928
FixedParameters: 0 0 0
#Transform 50
Transform: MatrixOffsetTransformBase_double_3_3
Parameters: 0.9999999835036777 -0.0001281117575101284 0.000009154927980349397 0.00012809815864914817 0.9999994434888212 0.0007349215309109813 -0.000009343223105145017 -0.0007349192151556161 0.9999994597981212 0.014014723578753774 -0.057665557810921086 -0.09001908203146058
FixedParameters: 0 0 0
#Transform 51
Transform: MatrixOffsetTransformBase_double_3_3
Parameters: 0.9999997857681602 0.0003107732101940788 0.0003643702407311361 -0.0003107187827254502 0.9999997670124108 0.0010609691589518189 -0.0003643227385768911 -0.0010611817466615325 0.9999997368361356 -0.006811408432227495 -0.02780874573055314 -0.3338900273631822
FixedParameters: 0 0 0
#Transform 52
Transform: MatrixOffsetTransformBase_double_3_3
Parameters: 0.9999997908650277 0.000416801221025412 0.00018879452910643677 -0.00041720752823304233 0.9999995090358922 0.0011474914227881938 -0.00018785240712365344 -0.001147648377082311 0.9999996475491726 -0.02515729361525132 0.014466680410990307 -0.09923514788250998
FixedParameters: 0 0 0
#Transform 53
Transform: MatrixOffsetTransformBase_double_3_3
Parameters: 0.9999995104653527 0.0003634915983662553 0.0006224211974216881 -0.0003639617831818463 0.9999989313636406 0.0017071968463977516 -0.000622403031259759 -0.0017076218903345763 0.9999986882911631 -0.028291257414352344 -0.05110697098176331 0.31932353159442073
FixedParameters: 0 0 0
#Transform 54
Transform: MatrixOffsetTransformBase_double_3_3
Parameters: 0.9999993216365812 0.0005903149893413202 0.0005852730126373632 -0.0005914822530544103 0.9999992220800064 0.001193796211742315 -0.0005852757559016623 -0.0011944681248830524 0.9999992209642975 -0.02656659625134239 0.0947465955969875 0.3846402363171393
FixedParameters: 0 0 0
#Transform 55
Transform: MatrixOffsetTransformBase_double_3_3
Parameters: 0.9999997050387458 0.0004627653476093128 0.001047980634620475 -0.0004640645337489072 0.999999107904818 0.0012876295257441273 -0.001046581769428007 -0.0012885924596960918 0.9999982454879821 -0.023064670408984966 0.12063931843822218 0.09904279399363247
FixedParameters: 0 0 0
#Transform 56
Transform: MatrixOffsetTransformBase_double_3_3
Parameters: 0.9999994577289115 0.0006892955637625307 0.00028701740450793657 -0.0006888628633791407 0.9999991010816086 0.0006430098287969477 -0.0002867279515727948 -0.0006433914975724764 0.9999994995221293 -0.040357560955413874 0.09148461164217281 0.07443579501929776
FixedParameters: 0 0 0
#Transform 57
Transform: MatrixOffsetTransformBase_double_3_3
Parameters: 0.9999992250889738 0.001105216880044414 0.0007519751110439169 -0.0011058288330102874 0.9999988542101607 0.0005267040964378467 -0.0007521910485318519 -0.0005273895458435263 0.9999997895237043 -0.0675836988045262 0.1548341830616522 0.32374865019818344
FixedParameters: 0 0 0
#Transform 58
Transform: MatrixOffsetTransformBase_double_3_3
Parameters: 0.9999989477160776 0.0005620570430754338 0.0016410799244603782 -0.0005598617416275229 0.9999986002850338 -0.001412715712824919 -0.0016408664566508323 0.001411504751516579 0.9999974489409844 -0.09648737972027277 0.2187269990195233 0.23858690695087148
FixedParameters: 0 0 0
#Transform 59
Transform: MatrixOffsetTransformBase_double_3_3
Parameters: 0.9999983704572417 0.00021218826135740152 0.0015881801246816455 -0.00020874086656981288 0.9999968535832402 -0.0024569429611186466 -0.001588468508440956 0.002456903234117014 0.9999955688400097 0.030413701475481503 0.07474393670837287 -0.42731863406530124
FixedParameters: 0 0 0
#Transform 60
Transform: MatrixOffsetTransformBase_double_3_3
Parameters: 0.9999987888692893 -0.00048291941912482757 0.0013884116101846177 0.0004873786890715174 0.999994514799454 -0.0032906910831305147 -0.0013867210042286082 0.0032917344918720337 0.9999937106669823 0.0400949286536445 -0.06336571261759616 -0.4775423711163427
FixedParameters: 0 0 0
#Transform 61
Transform: MatrixOffsetTransformBase_double_3_3
Parameters: 0.9999986641738483 0.00048666697247393294 0.0014327647509712865 -0.0004836117007822479 0.9999972418870309 -0.002107307003452852 -0.001433843251452516 0.002106552734961409 0.9999966361619541 -0.04098214886813878 -0.051940860515415466 -0.0039664116626454415
FixedParameters: 0 0 0
#Transform 62
Transform: MatrixOffsetTransformBase_double_3_3
Parameters: 0.9999988373894768 0.0008089943158672047 0.001233971928106676 -0.0008090061585527479 0.9999995895501564 0.0003194870272817396 -0.0012340334381398777 -0.00032051211066025376 0.9999990137699507 -0.019251104274189856 0.00347101136790684 -0.06213035255949251
FixedParameters: 0 0 0
#Transform 63
Transform: MatrixOffsetTransformBase_double_3_3
Parameters: 0.9999984186594265 0.0003541894457879729 0.0018504441459179918 -0.0003520851740399101 0.9999994075023337 -0.0011725736388882857 -0.0018508733330983066 0.0011719162820023055 0.9999973262217803 -0.04548601928775042 -0.025948705452975673 -0.06932733406473801
FixedParameters: 0 0 0
#Transform 64
Transform: MatrixOffsetTransformBase_double_3_3
Parameters: 0.9999975444657594 0.0012442436999025768 0.0017093207720514023 -0.0012450707937929838 0.9999989400734131 0.0004614402018667252 -0.0017087307443519669 -0.0004637651639133322 0.9999981475608433 -0.0658191974879827 0.1299060214646346 0.0588261036943436
FixedParameters: 0 0 0
#Transform 65
Transform: MatrixOffsetTransformBase_double_3_3
Parameters: 0.9999964269821134 0.0010866963737045411 0.00253089765171241 -0.0010880228983659826 0.9999995958780967 0.00039865594983445884 -0.002530565532209636 -0.00040060123248492063 0.9999964838024608 -0.0856456430499577 0.12184233384465415 0.06327231928656829
FixedParameters: 0 0 0
#Transform 66
Transform: MatrixOffsetTransformBase_double_3_3
Parameters: 0.9999966394781667 0.0016663946499385794 0.0021407363120472416 -0.0016653241251923026 0.9999985780622545 -0.0002738781843384386 -0.0021415723818996547 0.00027057576424305285 0.9999979149663758 -0.07237183128179936 0.17573285769172742 0.029787947115238467
FixedParameters: 0 0 0
#Transform 67
Transform: MatrixOffsetTransformBase_double_3_3
Parameters: 0.9999966113820589 0.0010906765471713998 0.002492456548294821 -0.0010918229579692763 0.9999991330328284 0.0003665096307985394 -0.002492202115405288 -0.0003686774327388287 0.9999971802553842 -0.07652920125178753 0.1260406145271986 0.017091079631484263
FixedParameters: 0 0 0
#Transform 68
Transform: MatrixOffsetTransformBase_double_3_3
Parameters: 0.9999968777196404 0.0015643098712742874 0.0019130153222119508 -0.0015639826619582603 0.9999990164917152 -0.0003124377069257944 -0.001913327241582427 0.00030959914122918875 0.9999976987478754 -0.0788257957103724 0.1265920426495768 -0.051315987138409014
FixedParameters: 0 0 0
#Transform 69
Transform: MatrixOffsetTransformBase_double_3_3
Parameters: 0.9999965424772304 0.0011154671906238637 0.0022799365860573686 -0.0011140171145711526 0.9999986161563248 -0.0005153309794931893 -0.0022804540158528636 0.0005125337915769523 0.9999974292050876 -0.07146111208581374 0.10987115964512384 -0.07190751865931588
FixedParameters: 0 0 0
#Transform 70
Transform: MatrixOffsetTransformBase_double_3_3
Parameters: 0.9999963581239847 0.0017881345878549303 0.002100824617844522 -0.0017863752117594706 0.9999975769314836 -0.000824539663215107 -0.0021025004477917414 0.0008208311179402905 0.9999974887557433 -0.05180625541002826 0.09664311042645579 -0.20929373390153216
FixedParameters: 0 0 0
#Transform 71
Transform: MatrixOffsetTransformBase_double_3_3
Parameters: 0.9999959691232247 0.0011051034459528164 0.0026039010024897272 -0.0011028691887941472 0.9999986951532305 -0.000760334803731888 -0.002604333936309843 0.0007578155611162596 0.9999961828674164 -0.10835256216007849 0.15082562697190838 0.006390225686672579
FixedParameters: 0 0 0
#Transform 72
Transform: MatrixOffsetTransformBase_double_3_3
Parameters: 0.9999957774969876 0.0017516282459869663 0.0024924750419257416 -0.001754238944404496 0.9999975201218599 0.0011436723893238354 -0.0024907843515236065 -0.0011488082309936698 0.9999965126079016 -0.12388650980470572 0.07265816387956647 0.16210843533134778
FixedParameters: 0 0 0
#Transform 73
Transform: MatrixOffsetTransformBase_double_3_3
Parameters: 0.9999955987375746 0.0012644293694045075 0.0026107126147285812 -0.0012658723707050642 0.9999986921010754 0.00040609942896335793 -0.0026102286832051054 -0.0004094330156967363 0.999996546245546 -0.12384813590874444 -0.024916107845044166 0.11290356554130199
FixedParameters: 0 0 0
#Transform 74
Transform: MatrixOffsetTransformBase_double_3_3
Parameters: 0.9999951644360545 0.002208711295575649 0.0019812524717348293 -0.002208315813440751 0.9999967730191147 -0.0005280832969705163 -0.0019822989725124672 0.0005234202197795246 0.9999978997251673 -0.07607933891978291 -0.020150414610185408 -0.22265476108401572
FixedParameters: 0 0 0
#Transform 75
Transform: MatrixOffsetTransformBase_double_3_3
Parameters: 0.9999959999017363 0.0015393104275622299 0.002559726665881402 -0.001535253044168832 0.9999970725933913 -0.0017130851791034574 -0.002562742713067277 0.0017096505205750345 0.9999952235682477 -0.07828263886112552 0.11126960163309718 -0.46661750908118904
FixedParameters: 0 0 0
#Transform 76
Transform: MatrixOffsetTransformBase_double_3_3
Parameters: 0.9999944742892181 0.0017537487499599516 0.0027319595841519516 -0.0017550302945252975 0.9999985665410187 0.0003571410842783673 -0.0027312063983776806 -0.0003619228101621741 0.9999956217166345 -0.1765808987416193 0.10575201592637029 -0.06554962931913622
FixedParameters: 0 0 0
#Transform 77
Transform: MatrixOffsetTransformBase_double_3_3
Parameters: 0.9999963585967213 0.0014891717350770496 0.0023381178753805747 -0.0014908330138005829 0.9999979793562632 0.0008454767860416879 -0.002337324213791245 -0.0008488574295200668 0.9999968565368599 -0.1685895336416081 0.10043541164232295 0.15677697824412462
FixedParameters: 0 0 0
#Transform 78
Transform: MatrixOffsetTransformBase_double_3_3
Parameters: 0.9999958882833292 0.001652480908643205 0.002325879321186181 -0.0016535241860475385 0.9999983731383832 0.0005466573873002534 -0.002325188780313211 -0.0005504869096308318 0.9999968556243624 -0.16991235613600963 0.11457826728279485 0.19188499231903222
FixedParameters: 0 0 0
#Transform 79
Transform: MatrixOffsetTransformBase_double_3_3
Parameters: 0.9999971537502839 0.0012194330954426722 0.0018458491640302014 -0.0012213452094964991 0.9999984266190551 0.0013248474812104782 -0.001843580829351295 -0.0013273990063040753 0.9999971177497364 -0.12026720953494419 0.14552036048732475 0.1812097272817823
FixedParameters: 0 0 0
#Transform 80
Transform: MatrixOffsetTransformBase_double_3_3
Parameters: 0.9999977578259897 0.0012572498782893616 0.0019171603560061536 -0.0012579150807779458 0.9999988690626886 0.00036019089873517984 -0.0019168063043347998 -0.00036241189809388397 0.9999985993503312 -0.13864734119553646 0.09398265658019511 0.05784216784502405
FixedParameters: 0 0 0
#Transform 81
Transform: MatrixOffsetTransformBase_double_3_3
Parameters: 0.9999967288354059 0.0017200086968207997 0.002080101001879844 -0.0017207798109564725 0.9999983309309081 0.00035357429891474945 -0.002079404786795279 -0.0003568852955721513 0.9999981175825852 -0.16055175552666867 0.10199891580184328 0.042101508556797285
FixedParameters: 0 0 0
#Transform 82
Transform: MatrixOffsetTransformBase_double_3_3
Parameters: 0.9999968405915076 0.0014933445565483367 0.002213366782679855 -0.0014919929989485792 0.9999987453603685 -0.0006903220736706461 -0.0022141585751084495 0.000687517111468805 0.9999972071980869 -0.16392818301476098 0.15718673768553515 0.011440581057016175
FixedParameters: 0 0 0
#Transform 83
Transform: MatrixOffsetTransformBase_double_3_3
Parameters: 0.9999958722074047 0.0016988528542125074 0.002473576449948138 -0.0016928984247108593 0.9999946101163828 -0.002630552616469939 -0.0024784851927115645 0.002626553794692843 0.9999936855279905 -0.11597266802354511 0.06564737499498108 -0.23735039040677464
FixedParameters: 0 0 0
#Transform 84
Transform: MatrixOffsetTransformBase_double_3_3
Parameters: 0.9999951426176514 0.0018893667470405314 0.002282991437295286 -0.0018855663953303873 0.9999967888230118 -0.0017232153572531161 -0.0022864351473235924 0.0017195982911670238 0.9999955771111153 -0.11322630312751869 0.0956912647384911 0.13600200959253073
FixedParameters: 0 0 0
#Transform 85
Transform: MatrixOffsetTransformBase_double_3_3
Parameters: 0.999991988634861 0.0026901147556395097 0.0031091450826799833 -0.002685187800571711 0.9999945736614448 -0.0017260616246766447 -0.0031140675822292135 0.0017181469558819606 0.9999936951117555 -0.18420328801924768 0.46349015522346804 0.0806406693848345
FixedParameters: 0 0 0
#Transform 86
Transform: MatrixOffsetTransformBase_double_3_3
Parameters: 0.9999907201083607 0.0028689585538359897 0.003145593243979108 -0.0028626516616060116 0.9999931426365878 -0.002300505139361142 -0.0031526318777492 0.0022924704774711646 0.9999923297841811 -0.19126105569510798 0.2943635765639243 0.09346658328773572
FixedParameters: 0 0 0
#Transform 87
Transform: MatrixOffsetTransformBase_double_3_3
Parameters: 0.9999914335422854 0.0024002367383196875 0.0034270047246280043 -0.002397018035591676 0.9999965615356419 -0.0009723968121984061 -0.0034291031703406376 0.000964517031017853 0.9999931189994049 -0.13907584845013332 -0.12914818008399465 0.05254320727451045
FixedParameters: 0 0 0
#Transform 88
Transform: MatrixOffsetTransformBase_double_3_3
Parameters: 0.999990291324543 0.002421521436741371 0.003561206802219073 -0.002412051021832286 0.9999936742649163 -0.0025900800377640643 -0.0035670333059091134 0.002581993967125884 0.9999905713054364 -0.18484380334373895 0.10576467366803399 -0.17212696514502568
FixedParameters: 0 0 0
#Transform 89
Transform: MatrixOffsetTransformBase_double_3_3
Parameters: 0.9999891438689971 0.002768144273461333 0.00360940730544395 -0.0027600304554268526 0.9999934449113301 -0.002371011095588238 -0.0036157863993849662 0.0023604677909814797 0.9999908353433575 -0.19386541579791583 0.1547788071117111 -0.22489968066602728
FixedParameters: 0 0 0
#Transform 90
Transform: MatrixOffsetTransformBase_double_3_3
Parameters: 0.9999909724242513 0.0025009747240725896 0.003426503283384813 -0.002498404176344572 0.9999960929458808 -0.000646081775631302 -0.003428368565896527 0.0006372529814053784 0.9999941194473194 -0.18089848963330724 0.18835930236730292 0.02703584763651179
FixedParameters: 0 0 0
#Transform 91
Transform: MatrixOffsetTransformBase_double_3_3
Parameters: 0.9999909154802273 0.0024030070519973352 0.003506176600242333 -0.002402070261875579 0.9999968922035707 -0.00028418973903210354 -0.003506775975274925 0.00027566082085639376 0.999993900295999 -0.18130669836011748 0.23318796026622124 0.06943856112165747
FixedParameters: 0 0 0
#Transform 92
Transform: MatrixOffsetTransformBase_double_3_3
Parameters: 0.999989781638928 0.0026513727349635483 0.00362111052144801 -0.0026459931812403887 0.9999958490083911 -0.0013297336754113376 -0.0036249817353963655 0.0013200508159598168 0.999992574453872 -0.18613145111898177 0.28099386040619834 0.030094186274325807
FixedParameters: 0 0 0
#Transform 93
Transform: MatrixOffsetTransformBase_double_3_3
Parameters: 0.9999908086427143 0.0025406917032379747 0.003553977167664317 -0.0025342163855372043 0.9999947275571588 -0.0017351653536435974 -0.003558430221240679 0.001726313615280417 0.9999923021284544 -0.17327713340259265 0.20866431773815464 -0.04248183636524061
FixedParameters: 0 0 0
#Transform 94
Transform: MatrixOffsetTransformBase_double_3_3
Parameters: 0.9999909815990597 0.0025006867863812555 0.0034253872679298183 -0.0024976103940895908 0.9999964763128395 -0.0007184253853604883 -0.0034276033103916954 0.000709891651546668 0.9999935486304237 -0.18095480431841793 0.15973525569897618 -0.06841959310487766
FixedParameters: 0 0 0
#Transform 95
Transform: MatrixOffsetTransformBase_double_3_3
Parameters: 0.9999895967368246 0.002728300923191222 0.0037251700557118066 -0.0027239693469482303 0.9999956810578541 -0.0012362158768808862 -0.003729520608355048 0.00122540883371125 0.9999920423038295 -0.19021937943445266 0.1984179482531232 -0.10547325865070434
FixedParameters: 0 0 0
#Transform 96
Transform: MatrixOffsetTransformBase_double_3_3
Parameters: 0.9999887919087335 0.0028431372713687373 0.0038753608070594215 -0.00283685931013685 0.9999948342835216 -0.001571962408448091 -0.0038798827186810837 0.001561335446354284 0.999991261645474 -0.19509822107744412 0.17247819982227952 -0.25147536819035565
FixedParameters: 0 0 0
#Transform 97
Transform: MatrixOffsetTransformBase_double_3_3
Parameters: 0.9999910323908227 0.0024971448578258613 0.0034119129691411055 -0.0024913138526699197 0.9999955366810104 -0.0015903040709680516 -0.0034160984921195797 0.0015818116637742463 0.9999926463146754 -0.18007073567991938 0.20079020479410303 -0.13106128826332508
FixedParameters: 0 0 0
#Transform 98
Transform: MatrixOffsetTransformBase_double_3_3
Parameters: 0.9999888113249489 0.0027785069654990527 0.0037975759899805247 -0.0027754375511922754 0.9999956743861274 -0.00076036493363979 -0.0037997835864882054 0.0007497620545516837 0.9999920906800674 -0.20493630624235948 0.018766719389148534 -0.1125492729950679
FixedParameters: 0 0 0
#Transform 99
Transform: MatrixOffsetTransformBase_double_3_3
Parameters: 0.9999911420758862 0.0024195919816138436 0.003316874577285474 -0.00241976879937525 0.9999969996415685 -0.000006260359963428108 -0.0033167427149185863 -0.0000021283679103034636 0.9999941459578325 -0.17925733028602053 0.10266684324065523 0.261651088815853
FixedParameters: 0 0 0
#Transform 100
Transform: MatrixOffsetTransformBase_double_3_3
Parameters: 0.9999881885885383 0.0029561322166993006 0.003749024379924416 -0.0029556544446402684 0.9999956352505852 -0.00020987945331779612 -0.003749428640361644 0.0001985236641213195 0.9999925044580258 -0.20773903505897806 0.26981342005949926 0.039668814192381774
FixedParameters: 0 0 0
#Transform 101
Transform: MatrixOffsetTransformBase_double_3_3
Parameters: 0.9999907337499475 0.0029570158369810156 0.003241108577672751 -0.0029555379620658665 0.9999956484872272 -0.00038966578532662055 -0.003242589719859101 0.00038063591536807717 0.9999948226026532 -0.17940583362488383 0.21254322528947966 -0.05254923179043658
FixedParameters: 0 0 0
#Transform 102
Transform: MatrixOffsetTransformBase_double_3_3
Parameters: 0.9999917202760294 0.002859030923023851 0.0030004198719982616 -0.0028534604110820334 0.9999945275631416 -0.0017909761597280083 -0.0030054955597394357 0.0017819558417498382 0.999994017252058 -0.17405695198291937 0.10175822707256543 -0.18498279466338374
FixedParameters: 0 0 0
#Transform 103
Transform: MatrixOffsetTransformBase_double_3_3
Parameters: 0.9999910041245642 0.0021942476199494215 0.0036223549133230946 -0.0021893402088526185 0.9999971718668776 -0.0011524085979758292 -0.003624878545988954 0.0011445165432778515 0.9999933167857925 -0.18200507265285637 0.19416339859591858 -0.2508605679901308
FixedParameters: 0 0 0
#Transform 104
Transform: MatrixOffsetTransformBase_double_3_3
Parameters: 0.9999892026004688 0.002705047551626155 0.003655074723457959 -0.002697676223741929 0.9999947061374641 -0.0019149486559406625 -0.00366046968591743 0.0019046554713073038 0.9999914429391947 -0.18872208145755565 0.1387152492689836 -0.2598221917710646
FixedParameters: 0 0 0
#Transform 105
Transform: MatrixOffsetTransformBase_double_3_3
Parameters: 0.9999899464143355 0.002484698478622233 0.003721327055540809 -0.002482081070988057 0.99999658229269 -0.0006049697801397969 -0.0037229485125753947 0.0005957468063962912 0.9999927071456145 -0.18955537716510662 0.04707509619453276 -0.17208748720540257
FixedParameters: 0 0 0
#Transform 106
Transform: MatrixOffsetTransformBase_double_3_3
Parameters: 0.999990228793425 0.002780579827662339 0.0034694851344386603 -0.0027803063643164075 0.9999963109872914 -0.0000769657993907602 -0.0034696986900654607 0.00006753658688640751 0.9999939117295147 -0.19814460947119983 0.09478028296638286 -0.11987826924777778
FixedParameters: 0 0 0
#Transform 107
Transform: MatrixOffsetTransformBase_double_3_3
Parameters: 0.9999898375534403 0.0026279408878577388 0.0036324789871721884 -0.00262475223500112 0.9999958787296318 -0.0009175980434650843 -0.003634708510206033 0.0009080351416898558 0.9999924156073091 -0.23074814061395443 0.09129229075250578 -0.10890742742986959
FixedParameters: 0 0 0
#Transform 108
Transform: MatrixOffsetTransformBase_double_3_3
Parameters: 0.9999893364190343 0.002335349876028492 0.0038933176991891366 -0.0023321045637236335 0.9999968622640864 -0.0008391255597025027 -0.003896067779519916 0.000830874902160772 0.9999921768114333 -0.22757058353019488 0.049201996890062105 0.18057902733391984
FixedParameters: 0 0 0
#Transform 109
Transform: MatrixOffsetTransformBase_double_3_3
Parameters: 0.9999920538766238 0.002077479513034186 0.0035515741921840413 -0.0020755160032546764 0.99999741673856 -0.00042642974088108465 -0.003552597199448008 0.00041875328123974764 0.9999933137615418 -0.20338276298257085 0.037205533720438666 0.13640468398907046
FixedParameters: 0 0 0
#Transform 110
Transform: MatrixOffsetTransformBase_double_3_3
Parameters: 0.9999909070862508 0.00248949590811726 0.0034336311788827093 -0.0024833994494950127 0.9999946198600834 -0.0017372219417171597 -0.003437935653993051 0.0017283739905730178 0.9999924935690432 -0.22857859750072862 0.18116079373180582 -0.12521784068306374
FixedParameters: 0 0 0
#Transform 111
Transform: MatrixOffsetTransformBase_double_3_3
Parameters: 0.9999905713658661 0.0022922112511161953 0.003758828801872236 -0.0022888009532699366 0.9999972236039617 -0.0008104115419681479 -0.003760565681113241 0.000802438687518281 0.9999921407116092 -0.24063463120658923 0.38161617159268246 0.02161356051399821
FixedParameters: 0 0 0
#Transform 112
Transform: MatrixOffsetTransformBase_double_3_3
Parameters: 0.9999914571236695 0.0023024723381104297 0.003505591054788363 -0.0023051540461889977 0.9999967791432108 0.0007750712248535963 -0.0035028420836635994 -0.0007828484273045277 0.9999933758361269 -0.224690324387808 0.20053647230680838 -0.025378562631914292
FixedParameters: 0 0 0
#Transform 113
Transform: MatrixOffsetTransformBase_double_3_3
Parameters: 0.9999913287604718 0.0024333268641540643 0.0032671528669445888 -0.0024288266241211604 0.9999962360424046 -0.0013308267032539622 -0.0032704916177063075 0.001322527309279009 0.9999937241987744 -0.18889376017961013 0.09870446052555337 -0.13322082885471787
